5.719949782875246136e+00
2.696822945736061516e+00
4.459830082029469622e+00
1.541429280764023746e+00
7.953890790283217882e+00
6.570582313365066263e+00
5.333177326393991002e+00
1.799639543215606707e+00
1.603753466818221085e+01
4.682710520068896543e+00
1.366951911733513381e+00
7.419730495428960459e+00
6.339812859779385690e+00
4.200136140027032283e+00
4.830656925207446051e+00
5.920020309961031124e+00
3.302985373877281638e+00
1.137592925733516003e+00
1.801624130946770563e+01
9.977068208162572560e+00
4.965588109079554613e+00
2.053233758120325714e+00
8.561361467086753052e+00
3.940016927780492395e+00
5.387411956121896495e+00
2.038179355640647561e+00
1.143978674492297465e+01
4.179165067458709970e+00
4.190554412640750570e+00
1.100802453512788492e+00
1.088643232224221080e+01
8.340112854287145439e+00
1.971694663420817673e+00
7.676478765624813683e+00
1.509840524204082968e+01
3.456810706488586682e+00
1.989336615717680390e+00
1.052273160476660330e+01
8.967975899470900458e+00
4.320010481980861350e+00
1.715345346481149225e+00
1.496865377339338821e+01
3.635001864240959613e+00
3.017919713041790075e+00
4.473116460241555181e+00
