2.592155251003346539e+00
1.016030429856535022e+00
5.129210164216338796e+00
1.040905563880178519e+00
2.994119663555014021e+00
3.244232404843949258e+00
1.634116303390371394e+00
2.849486753660217975e+00
2.186848749006000237e+00
2.873772270532633399e+00
1.273536616451417913e+00
2.923311148811290838e+00
1.004730884091862730e+00
7.864185465677440590e+00
2.756093072278604783e+00
4.204490503904665388e+00
1.812907302900605533e+00
4.453026271605121877e+00
1.047655755816135015e+00
2.935846265223844842e+00
2.287762938424109826e+00
1.566604897424637377e+00
4.021557720508223355e+00
1.797751524423000236e+00
3.060798621537934583e+00
1.220520316682840889e+00
3.864102711679346935e+00
1.294358766776297243e+00
5.752859391983153436e+00
1.882257857623640396e+00
6.024881408357168233e+00
2.770142673622195240e+00
1.126980315178749414e+00
3.310652973531888144e+00
1.394711979457078366e+00
3.517592474680525161e+00
1.703486675301395081e+00
3.610717493069671047e+00
1.068543464561795719e+00
6.349740190278208019e+00
2.237046072826689436e+00
7.907770093814086465e+00
1.327518649273120355e+00
5.202577995181830062e+00
1.050807070075679972e+00
