1.252105876995254441e+00
1.231757090197192150e+00
1.000235516064920338e+00
1.943549364725047468e+00
1.000234291188222491e+00
2.042022817725464012e+00
1.007181816988118817e+00
1.107763894127616000e+00
1.040928960125878877e+00
2.225328136573323512e+00
1.065771017728717407e+00
1.060285118016640382e+00
1.332431066911955897e+00
1.988118307411468333e+00
2.969918700675130641e+00
4.141344468115976341e+00
1.000014267223503506e+00
1.716220389000189250e+00
1.099189603315074759e+00
1.005827148389368375e+00
1.059947649879477538e+00
2.038333322937289083e+00
2.040069721749262044e+00
2.763887313275600555e+00
1.011530905339274478e+00
1.043379866867053085e+00
2.012531090989231775e+00
1.757313045372989935e+00
1.523046115201403872e+00
1.130024630730597890e+00
2.723446431809127599e+00
1.001977298811416173e+00
4.490781236687392486e+00
1.201687237890517679e+00
1.986537500979225435e+00
1.865238508157793573e+00
2.029534745314338640e+00
1.127667468243067628e+00
1.996415675217290353e+00
1.487413526934354913e+00
1.274631097217387321e+00
2.121403939896942425e+00
1.192161957071214307e+00
1.234693758531453245e+00
2.390978009319110420e+00
